Creation Date and Time: 2024-06-02 18:25:15
Iteration,SaleValue,Distance,Objective,Tolerance,customerParam,sellerParam,saleParam,dateParam,productParam,totalSaleValue
0,15.6296,15.4899,0.139669,0.5,0.173,0.1816,0.015,0.4064,0.0022,0
1,15.4733,15.3336,0.139669,0.5,0.17127,0.179784,0.01485,0.402336,0.002178,0
2,15.3186,15.1789,0.139669,0.5,0.169557,0.177986,0.0147015,0.398313,0.00215622,0
3,15.1654,15.0257,0.139669,0.5,0.167862,0.176206,0.0145545,0.39433,0.00213466,0
4,15.0137,14.8741,0.139669,0.5,0.166183,0.174444,0.0144089,0.390386,0.00211331,0
5,14.8636,14.7239,0.139669,0.5,0.164521,0.1727,0.0142649,0.386482,0.00209218,0
6,14.715,14.5753,0.139669,0.5,0.162876,0.170973,0.0141222,0.382618,0.00207126,0
7,14.5678,14.4281,0.139669,0.5,0.161247,0.169263,0.013981,0.378791,0.00205054,0
8,14.4221,14.2825,0.139669,0.5,0.159635,0.16757,0.0138412,0.375003,0.00203004,0
9,14.2779,14.1382,0.139669,0.5,0.158038,0.165895,0.0137028,0.371253,0.00200974,0
10,14.1351,13.9955,0.139669,0.5,0.156458,0.164236,0.0135657,0.367541,0.00198964,0
11,13.9938,13.8541,0.139669,0.5,0.154894,0.162593,0.0134301,0.363865,0.00196974,0
12,13.8538,13.7142,0.139669,0.5,0.153345,0.160967,0.0132958,0.360227,0.00195005,0
13,13.7153,13.5756,0.139669,0.5,0.151811,0.159358,0.0131628,0.356625,0.00193055,0
14,13.5781,13.4385,0.139669,0.5,0.150293,0.157764,0.0130312,0.353058,0.00191124,0
15,13.4424,13.3027,0.139669,0.5,0.14879,0.156187,0.0129009,0.349528,0.00189213,0
16,13.3079,13.1683,0.139669,0.5,0.147302,0.154625,0.0127719,0.346032,0.00187321,0
17,13.1749,13.0352,0.139669,0.5,0.145829,0.153078,0.0126441,0.342572,0.00185448,0
18,13.0431,12.9034,0.139669,0.5,0.144371,0.151548,0.0125177,0.339146,0.00183593,0
19,12.9127,12.773,0.139669,0.5,0.142927,0.150032,0.0123925,0.335755,0.00181757,0
20,12.7836,12.6439,0.139669,0.5,0.141498,0.148532,0.0122686,0.332397,0.0017994,0
21,12.6557,12.5161,0.139669,0.5,0.140083,0.147047,0.0121459,0.329073,0.0017814,0
22,12.5292,12.3895,0.139669,0.5,0.138682,0.145576,0.0120245,0.325783,0.00176359,0
23,12.4039,12.2642,0.139669,0.5,0.137295,0.14412,0.0119042,0.322525,0.00174595,0
24,12.2798,12.1402,0.139669,0.5,0.135922,0.142679,0.0117852,0.3193,0.00172849,0
25,12.157,12.0174,0.139669,0.5,0.134563,0.141252,0.0116673,0.316107,0.00171121,0
26,12.0355,11.8958,0.139669,0.5,0.133217,0.13984,0.0115506,0.312946,0.00169409,0
27,11.9151,11.7754,0.139669,0.5,0.131885,0.138441,0.0114351,0.309816,0.00167715,0
28,11.796,11.6563,0.139669,0.5,0.130566,0.137057,0.0113208,0.306718,0.00166038,0
29,11.678,11.5383,0.139669,0.5,0.129261,0.135686,0.0112076,0.303651,0.00164378,0
30,11.5612,11.4216,0.139669,0.5,0.127968,0.13433,0.0110955,0.300614,0.00162734,0
31,11.4456,11.3059,0.139669,0.5,0.126688,0.132986,0.0109846,0.297608,0.00161107,0
32,11.3312,11.1915,0.139669,0.5,0.125422,0.131656,0.0108747,0.294632,0.00159496,0
33,11.2178,11.0782,0.139669,0.5,0.124167,0.13034,0.010766,0.291686,0.00157901,0
34,11.1057,10.966,0.139669,0.5,0.122926,0.129036,0.0106583,0.288769,0.00156322,0
35,10.9946,10.8549,0.139669,0.5,0.121696,0.127746,0.0105517,0.285881,0.00154758,0
36,10.8847,10.745,0.139669,0.5,0.120479,0.126469,0.0104462,0.283022,0.00153211,0
37,10.7758,10.6361,0.139669,0.5,0.119275,0.125204,0.0103417,0.280192,0.00151679,0
38,10.6681,10.5284,0.139669,0.5,0.118082,0.123952,0.0102383,0.27739,0.00150162,0
39,10.5614,10.4217,0.139669,0.5,0.116901,0.122712,0.0101359,0.274616,0.0014866,0
40,10.4558,10.3161,0.139669,0.5,0.115732,0.121485,0.0100346,0.27187,0.00147174,0
41,10.3512,10.2115,0.139669,0.5,0.114575,0.12027,0.00993423,0.269151,0.00145702,0
42,10.2477,10.108,0.139669,0.5,0.113429,0.119068,0.00983489,0.26646,0.00144245,0
43,10.1452,10.0055,0.139669,0.5,0.112295,0.117877,0.00973654,0.263795,0.00142803,0
44,10.0438,9.90409,0.139669,0.5,0.111172,0.116698,0.00963917,0.261157,0.00141375,0
45,9.94332,9.80366,0.139669,0.5,0.11006,0.115531,0.00954278,0.258546,0.00139961,0
46,9.84389,9.70422,0.139669,0.5,0.108959,0.114376,0.00944735,0.25596,0.00138561,0
47,9.74545,9.60578,0.139669,0.5,0.10787,0.113232,0.00935288,0.253401,0.00137176,0
48,9.648,9.50833,0.139669,0.5,0.106791,0.1121,0.00925935,0.250867,0.00135804,0
49,9.55152,9.41185,0.139669,0.5,0.105723,0.110979,0.00916676,0.248358,0.00134446,0
50,9.456,9.31633,0.139669,0.5,0.104666,0.109869,0.00907509,0.245874,0.00133101,0
51,9.36144,9.22177,0.139669,0.5,0.103619,0.10877,0.00898434,0.243416,0.0013177,0
52,9.26783,9.12816,0.139669,0.5,0.102583,0.107683,0.0088945,0.240982,0.00130453,0
53,9.17515,9.03548,0.139669,0.5,0.101557,0.106606,0.00880555,0.238572,0.00129148,0
54,9.0834,8.94373,0.139669,0.5,0.100542,0.10554,0.0087175,0.236186,0.00127857,0
55,8.99256,8.8529,0.139669,0.5,0.0995364,0.104484,0.00863032,0.233824,0.00126578,0
56,8.90264,8.76297,0.139669,0.5,0.098541,0.10344,0.00854402,0.231486,0.00125312,0
57,8.81361,8.67394,0.139669,0.5,0.0975556,0.102405,0.00845858,0.229171,0.00124059,0
58,8.72548,8.58581,0.139669,0.5,0.09658,0.101381,0.00837399,0.226879,0.00122819,0
59,8.63822,8.49855,0.139669,0.5,0.0956142,0.100367,0.00829025,0.224611,0.0012159,0
60,8.55184,8.41217,0.139669,0.5,0.0946581,0.0993636,0.00820735,0.222364,0.00120374,0
61,8.46632,8.32665,0.139669,0.5,0.0937115,0.09837,0.00812528,0.220141,0.00119171,0
62,8.38166,8.24199,0.139669,0.5,0.0927744,0.0973863,0.00804402,0.217939,0.00117979,0
63,8.29784,8.15817,0.139669,0.5,0.0918467,0.0964124,0.00796358,0.21576,0.00116799,0
64,8.21486,8.07519,0.139669,0.5,0.0909282,0.0954483,0.00788395,0.213602,0.00115631,0
65,8.13271,7.99305,0.139669,0.5,0.0900189,0.0944938,0.00780511,0.211466,0.00114475,0
66,8.05139,7.91172,0.139669,0.5,0.0891187,0.0935489,0.00772706,0.209352,0.0011333,0
67,7.97087,7.8312,0.139669,0.5,0.0882275,0.0926134,0.00764979,0.207258,0.00112197,0
68,7.89116,7.7515,0.139669,0.5,0.0873453,0.0916873,0.00757329,0.205186,0.00111075,0
69,7.81225,7.67258,0.139669,0.5,0.0864718,0.0907704,0.00749756,0.203134,0.00109964,0
70,7.73413,7.59446,0.139669,0.5,0.0856071,0.0898627,0.00742258,0.201102,0.00108865,0
71,7.65679,7.51712,0.139669,0.5,0.084751,0.0889641,0.00734835,0.199091,0.00107776,0
72,7.58022,7.44055,0.139669,0.5,0.0839035,0.0880744,0.00727487,0.1971,0.00106698,0
73,7.50442,7.36475,0.139669,0.5,0.0830645,0.0871937,0.00720212,0.195129,0.00105631,0
74,7.42937,7.28971,0.139669,0.5,0.0822338,0.0863218,0.0071301,0.193178,0.00104575,0
75,7.35508,7.21541,0.139669,0.5,0.0814115,0.0854585,0.0070588,0.191246,0.00103529,0
76,7.28153,7.14186,0.139669,0.5,0.0805974,0.0846039,0.00698821,0.189334,0.00102494,0
77,7.20871,7.06905,0.139669,0.5,0.0797914,0.0837579,0.00691833,0.187441,0.00101469,0
78,7.13663,6.99696,0.139669,0.5,0.0789935,0.0829203,0.00684915,0.185566,0.00100454,0
79,7.06526,6.92559,0.139669,0.5,0.0782036,0.0820911,0.00678065,0.183711,0.000994496,0
80,6.99461,6.85494,0.139669,0.5,0.0774215,0.0812702,0.00671285,0.181873,0.000984551,0
81,6.92466,6.78499,0.139669,0.5,0.0766473,0.0804575,0.00664572,0.180055,0.000974706,0
82,6.85542,6.71575,0.139669,0.5,0.0758808,0.0796529,0.00657926,0.178254,0.000964959,0
83,6.78686,6.64719,0.139669,0.5,0.075122,0.0788564,0.00651347,0.176472,0.000955309,0
84,6.71899,6.57932,0.139669,0.5,0.0743708,0.0780678,0.00644834,0.174707,0.000945756,0
85,6.6518,6.51213,0.139669,0.5,0.0736271,0.0772872,0.00638385,0.17296,0.000936298,0
86,6.58529,6.44562,0.139669,0.5,0.0728908,0.0765143,0.00632001,0.17123,0.000926935,0
87,6.51943,6.37976,0.139669,0.5,0.0721619,0.0757492,0.00625681,0.169518,0.000917666,0
88,6.45424,6.31457,0.139669,0.5,0.0714403,0.0749917,0.00619425,0.167823,0.000908489,0
89,6.3897,6.25003,0.139669,0.5,0.0707259,0.0742417,0.0061323,0.166145,0.000899404,0
90,6.3258,6.18613,0.139669,0.5,0.0700186,0.0734993,0.00607098,0.164483,0.00089041,0
91,6.26254,6.12287,0.139669,0.5,0.0693184,0.0727643,0.00601027,0.162838,0.000881506,0
92,6.19992,6.06025,0.139669,0.5,0.0686253,0.0720367,0.00595017,0.16121,0.000872691,0
93,6.13792,5.99825,0.139669,0.5,0.067939,0.0713163,0.00589067,0.159598,0.000863964,0
94,6.07654,5.93687,0.139669,0.5,0.0672596,0.0706032,0.00583176,0.158002,0.000855325,0
95,6.01577,5.8761,0.139669,0.5,0.066587,0.0698971,0.00577344,0.156422,0.000846771,0
96,5.95561,5.81595,0.139669,0.5,0.0659212,0.0691982,0.00571571,0.154858,0.000838304,0
97,5.89606,5.75639,0.139669,0.5,0.0652619,0.0685062,0.00565855,0.153309,0.000829921,0
98,5.8371,5.69743,0.139669,0.5,0.0646093,0.0678211,0.00560196,0.151776,0.000821621,0
99,5.77873,5.63906,0.139669,0.5,0.0639632,0.0671429,0.00554594,0.150258,0.000813405,0
